replot [ 0:a - 0.000001] 1.145834075635*(t-sin(t)), -1.145834075635*(1-cos(t)) title "Braquistocrona"
a = 2.41201114391353
r = 1.1458340756350
